mapa de B
198
195
196
198
198
198
199
193
194
192
193
197
199
196
189
192
195
192
190
201
198
195
195
196
202
198
192
192
192
186
183
176
174
174
175
175
174
171
175
174
177
174
174
175
170
173
179
177
179
184
190
186
180
184
196
193
203
197
195
196
201
193
191
196
196
198
201
201
192
191
188
193
190
198
194
189
192
195
201
198
197
193
190
180
178
177
178
177
181
178
178
176
179
174
173
171
173
176
171
175
177
177
177
182
185
183
184
186
198
197
204
200
201
197
200
197
192
194
196
200
199
198
190
188
189
191
194
199
195
192
188
190
198
198
201
193
190
185
181
181
182
182
182
178
182
178
179
180
178
176
176
174
170
176
180
180
182
185
182
182
186
189
195
198
200
203
200
198
194
195
198
195
192
191
193
192
188
183
186
194
190
191
193
192
190
194
205
202
207
199
187
183
183
180
183
180
175
180
184
177
170
172
173
179
181
174
174
177
185
183
187
188
182
180
184
187
195
200
198
201
197
199
199
199
201
194
190
194
197
195
195
187
185
194
192
190
189
188
198
200
202
199
204
200
187
182
182
182
185
185
179
182
183
182
177
174
168
177
179
176
179
176
183
184
184
182
182
186
189
190
201
203
201
204
203
199
197
197
195
191
193
200
198
197
201
193
190
194
198
197
189
185
191
199
198
192
194
195
188
184
189
183
180
183
182
182
181
186
181
180
172
177
177
177
179
182
185
184
186
184
178
188
191
192
199
201
198
198
198
193
198
200
195
195
195
199
196
201
203
196
192
192
196
196
193
190
192
201
202
195
195
198
189
185
187
181
182
181
179
179
177
178
178
183
178
177
178
178
178
181
184
189
187
185
185
189
190
189
198
199
200
198
202
197
196
200
197
199
192
190
196
192
195
192
188
187
192
196
191
192
200
204
201
199
198
195
186
182
183
183
182
181
180
182
180
179
177
179
177
176
175
177
182
185
185
185
182
182
183
188
186
185
201
198
203
196
203
198
197
199
195
199
195
189
196
191
190
193
194
193
196
201
193
190
197
199
192
190
193
192
184
180
185
181
181
180
183
187
187
184
177
174
174
176
181
178
181
182
184
183
183
184
182
183
182
181
207
199
202
193
197
203
199
201
192
194
201
194
194
199
193
198
200
196
192
194
187
186
190
194
189
188
194
196
185
178
181
182
181
181
184
184
188
189
180
178
177
177
182
181
181
182
183
181
181
184
180
179
180
180
200
195
194
195
193
202
198
199
197
194
201
198
195
200
193
191
196
194
190
191
186
189
188
194
192
196
195
199
189
186
184
183
178
177
184
182
185
188
181
180
178
178
181
177
177
180
182
182
182
181
180
180
179
181
195
193
191
200
198
200
197
195
195
192
197
197
194
196
191
185
190
192
188
190
191
189
190
196
194
199
200
197
190
186
183
181
182
184
187
186
185
186
182
181
179
179
182
180
180
180
181
179
182
180
177
183
182
182
196
199
192
200
197
198
195
192
194
192
197
199
195
192
194
186
189
195
192
195
195
191
191
192
192
195
196
195
191
182
180
182
183
179
182
183
186
186
183
185
182
182
184
181
181
179
178
178
177
180
179
184
179
181
198
195
189
199
197
196
196
194
198
198
196
197
194
192
200
192
191
196
193
192
194
196
192
194
193
192
195
195
194
183
180
181
181
178
184
190
192
188
183
184
184
185
184
184
185
183
182
182
180
180
176
179
179
180
204
200
192
193
201
200
196
193
195
195
193
191
193
190
194
193
194
195
191
191
193
194
192
191
193
193
194
196
191
188
185
180
183
186
189
194
196
189
184
186
183
183
183
182
182
181
180
184
183
183
178
178
182
181
199
200
194
194
199
201
200
199
196
198
194
192
195
191
185
193
192
192
187
191
196
189
189
192
193
189
186
193
194
190
178
178
180
184
186
189
192
187
185
184
182
180
180
180
180
177
175
179
178
178
177
178
176
179
192
196
197
197
197
197
201
200
196
195
200
197
194
193
184
190
189
190
187
191
194
190
189
195
187
186
188
196
195
183
178
181
178
183
182
186
188
183
177
175
169
167
166
166
169
168
170
172
169
172
176
179
178
180
197
192
200
194
197
199
198
198
197
196
200
198
194
198
188
192
188
188
193
186
189
197
190
193
186
185
185
187
190
183
184
181
176
178
181
181
179
177
170
159
152
149
149
149
152
157
161
164
168
171
176
177
176
179
198
191
196
199
200
202
195
199
199
197
200
198
191
195
187
186
193
189
197
189
191
192
186
189
185
183
185
186
189
186
186
182
178
174
177
175
173
172
157
147
147
148
148
147
146
146
149
153
158
163
170
173
173
177
199
195
191
202
203
202
196
193
200
196
199
200
194
193
192
186
191
192
193
193
186
187
185
187
186
183
179
182
188
186
183
180
176
169
171
171
173
162
148
144
146
147
146
145
147
148
148
148
148
151
158
165
171
175
200
196
191
194
198
199
198
193
197
200
196
194
190
195
199
189
185
193
189
188
192
188
187
186
184
181
179
185
185
184
180
172
168
167
169
170
166
153
148
148
148
149
150
148
148
149
148
147
148
147
148
150
157
167
198
196
196
195
194
195
199
201
202
200
196
189
189
194
196
191
182
187
186
186
187
187
182
182
184
184
183
184
181
178
175
169
165
167
174
172
160
148
147
150
150
150
151
147
148
148
148
148
150
149
148
146
149
156
193
196
198
196
188
195
200
203
200
198
198
191
190
192
190
189
185
187
189
188
184
187
184
186
182
186
182
179
177
177
175
171
166
171
177
167
153
147
147
149
150
152
152
148
145
147
149
151
152
149
149
147
149
149
187
190
199
203
195
195
202
197
196
193
194
190
186
191
189
185
189
190
190
190
186
187
188
190
183
184
182
179
177
176
172
170
167
174
173
159
149
149
149
147
149
151
152
148
145
146
147
150
151
148
148
150
151
150
189
191
197
201
197
191
196
195
197
195
193
198
189
191
189
189
191
187
188
187
184
185
188
189
179
177
183
179
179
174
170
170
171
176
168
153
148
148
147
147
145
147
151
147
149
150
149
148
148
148
148
149
148
148
193
196
197
200
193
190
197
199
197
197
194
199
193
186
186
187
191
186
185
185
186
189
185
187
177
177
183
178
176
171
167
170
173
176
160
149
148
146
146
148
147
147
149
147
149
149
149
148
149
149
146
147
146
148
200
199
195
194
194
193
193
198
196
195
193
193
192
185
184
185
187
183
183
185
182
190
183
184
178
181
180
175
174
172
166
171
176
175
156
147
147
146
146
146
147
146
147
146
147
148
149
150
150
149
146
145
147
147
203
200
191
192
195
193
190
199
194
192
187
186
187
187
181
182
183
180
182
185
180
187
183
180
178
180
178
175
171
171
168
170
175
167
150
148
148
145
146
146
147
148
150
148
149
148
148
150
152
149
147
148
146
148
193
196
193
195
191
188
191
193
192
190
187
188
190
188
184
185
185
182
184
184
183
185
183
180
177
177
176
178
174
173
170
169
175
159
147
149
150
146
146
146
148
149
150
149
149
148
147
146
150
148
147
149
149
148
189
193
194
197
188
188
192
191
189
191
194
189
190
188
184
185
185
185
181
182
187
182
183
183
177
178
177
175
173
173
172
176
170
151
147
149
148
148
148
145
148
149
150
146
149
149
150
146
149
149
149
151
150
149
192
190
190
191
186
188
190
189
188
189
187
186
186
186
183
188
188
185
180
178
186
181
183
181
179
177
177
175
175
170
174
173
153
147
147
147
147
148
148
148
146
148
150
148
150
150
152
151
150
151
150
150
150
150
195
192
193
189
186
189
189
189
184
187
187
193
189
186
182
184
187
184
179
178
182
178
181
177
176
177
175
174
175
176
176
157
147
149
148
148
148
148
147
148
146
147
150
149
151
150
152
150
149
151
148
149
149
151
194
191
193
193
191
192
189
185
186
186
186
187
187
183
184
182
179
183
180
181
180
178
179
177
175
175
174
175
179
176
161
148
146
147
148
148
149
150
150
149
147
149
150
152
152
152
152
149
150
151
152
150
149
150
189
191
192
197
194
190
191
187
186
187
187
187
187
185
188
183
178
184
185
182
184
179
178
182
180
179
180
181
175
163
150
145
148
149
149
150
151
148
148
148
149
150
149
148
150
152
153
152
150
150
153
149
151
151
187
196
192
196
193
188
194
194
188
186
186
188
186
187
190
184
182
183
184
182
188
185
185
188
186
184
176
171
160
150
146
147
146
146
146
149
150
149
149
148
148
148
149
148
148
149
153
152
149
149
152
152
149
150
189
197
192
186
189
187
190
193
187
189
188
186
183
182
187
184
182
177
179
185
190
189
186
184
180
174
169
157
147
146
148
147
147
147
147
149
151
151
150
148
148
149
151
150
150
151
151
149
151
151
151
153
153
152
x_a, y_a = (0,0)
x_a, y_a = (0,1)
x_a, y_a = (1,0)
x_a, y_a = (1,1)
