[[918  17]
 [712   9]]
              precision    recall  f1-score   support

           0       0.56      0.98      0.72       935
           1       0.35      0.01      0.02       721

    accuracy                           0.56      1656
   macro avg       0.45      0.50      0.37      1656
weighted avg       0.47      0.56      0.41      1656

Result ResNet50_custon
: [[0.6412003  0.35823995]
 [0.74907273 0.2512373 ]
 [0.79581904 0.20485887]
 ...
 [0.6410745  0.35838118]
 [0.73756117 0.26250193]
 [0.6083534  0.39052567]]
